0000000000300300030030300303030303030300303033303303033033033030333033303330303333330333330333333330333330333333033333333332333323233323332333232332332323322332332332323232332322323232323232322323222232232232223223222322322222222222222121212121212121121212112121122112121121121212121121211211211112111211211211111111111111111110111110111111011101110111011011101110110101101101101101011101010110101101011001001010100100100010101000001001
000300030003030030300300300300300303003030303030303303030303333330330303330330333333033333303333333332333330333333333233333323333233332332333233333232332323233233232332232323232323323232232323223232322323223222222322222222221222222221222212212222122122122121212211212121211212112112111112111111112111111011121011011111111110111111011101110110111011101101011101110110110110110110110101101101010110111010101010101010101010100100100100101001
000030000030003000100300300303030303030303003030303030303303033033033303333033033033033033333303330333333033333333333333332333323333233333233333233323323323332332333233233233323323233223323232232232223223222232222222222232222223222122122121212121221212221221221221221211212121212121121111112111111211111111111111110111111110111111101110111011111011101111111101111011111011110101101101101010110101010101010101010010010100100101
00000300003030030303003303003030330330303033030330330333033033303330333333033333333333303333333333333233333333333233333323332333332332333232333233233233233323232323232323232323232323232322322322322222222222221212122122121212121211212121212121121211211212121112121121212112111211212112111111211111111111121111111111111011101111101101101110111011011011011011101101011010101010101010101010101001010101000010000100000001
0000300003003003030303303303330330333033330333333333333323303333333333333333233323333323332333323333233332333323323333233232333232332332332332323323233232332323233223232323232323232323232322232222221222122212122122122122122121212121211212122112121121112111211112111111111121101111101111111101110111011111011101110111011011101011011011101011011010101101010101101011010101010101010100101010010010100101001001001000000001
00000000030030303030300030030030030300303030300033003030303033003030330303303303303303330303333303323333033333333333333323333333233332333333323333233323333233332323233232323232332323223232232323223223232232322223232232222222223222322222222223212221222212221212221221212121221212121212121211212121211121121112111111211111112111121011121110111111111111111101111101111110110111011011011011101101010111010101101101101010100110101001010100101001000010001001000001
00000000000300300030000303000030030300330303030300030303003033030303303030303303033030333033033303333033033333033330333333333033333332332333333233333323332333332332333232323323233233232323323232232323232323232232232322223222223222232222222212222212222222222122122122121212121212121212121121211212112112111212111121121211121112111111112111111121111111111111111210111101111011110110101110110101010110101101010110101010101010101001010100101010111010101001
0000000300000300300303030303030033030030303303033303303303333303333330323303333333333333333333333332333332323333323233332332332332333232332332323233232332332323232323232323232233232232323223223222322322223222232232222222232223222322222232122222222221221212221212121212212112211211211121212112112111211112111111111101111011111101101111101110111111011111101101101101101101010110101010100101010101001101001100101001010101010101001010101010000100100100100010010101000010010001
00003003000030030030300303033033303033333033033033033333033033303303303333033033303330333033333333033333333333333333323333233333333323332332323323322323232332323232322323223223232322223232232222322322223222223222222222222322223222221222221222222222212212221221222122122122212221212212121212121212121121212112121121121111112111121110111101111101101110111011011010111010110110011101101101011010110011010010101101001001011001010100110011010010101001010101001001001001000101010001000101001000000010000001
00000303000303333032333303000000300030003003030303303303033303333033303333333333333333333333323333332333333323233323333233233233332333233233232323323323322332233232323232322323232323222323223323223222322322322223222322222222222222222222122122221212211212212121121211121121111121111111101110111011101110111011101110101101101101111110110110110110111011010110101101011010101101010110011011010101110101010110110101010110011001101001010101010001
000000000000000000000003000003000000300003030003030300303030303030330303033330330333033033033330333333303333333333333033333333333323333333333233333333323323323233323323323233232323232323222332232332232223232232223232322232223222232222322222222222222222222212222212212212212212212121212212212122122121212212112212121212112121112121211121111212111212111111211111011111211110111111111010111101101101111010111011101010101110110111222222223222222222212221212111001000100010001000100010000010001000001000000000011000010000000000000010000001
00000300300003003000030303000303030303030303030303030303303303030333033033333033330333333033330333333333333233333333332333333333323323333323323333323323233232332333232332323323232332323223232323232232232222232222122122122112211211212122122211221121121121121121121111211211211111121111111211111111111111111111111111111110111111101111111111110101101111101111101110101100101010101001100101001001
00003003030303030330000000030000030003030030300303030030330030330030033030303033033030330330303033030333033033030333333033333033333333333333333323333233333323323332332332333233233232332323323232323232322322323232223232322223222322222222222122222212222222112222212122212122122221222112222122121121212121121112111212112111211111111121111210111111111111011110111111011110111110111110111101101101111011110111011110111011110110110101110010100010100000001001
0030030303303333333333333303333333333333333033333333333033333333323330333333323323333333333332333332333332333323332233233233332323323323232323233223323232232232322323223222232322222221212221221212121211212112121212112112112111121112111111211110111111101110111101111101110111111011110111011011111101110110110101110101011101101010110101101010101010110110010101010010100001000000000011010101
0000030003000000030030030003003000030300330303003030303033030303333033033330303330333330333303233303333330333333333333333333233323323333333233233233332333233323332323332332323323232323223223222232232323222223222233222222323222323222222222122221212212222121221212122121221221212121212121212111121112111211121121112111121121111111112110111111111111101111111011111101110111011101110110110110111010110101101101010101001101010011001100010010100000001000000001
0000000000003000030003030030303030030300030303003003030300330033030303030303030333033033033303030303333333333333333333333333233333333233333333333233233323323332323332323323232333223323323322323223223232322232322222322322232222322232222223212222222222212222122222122122122121221221211221122112121211211211121121111211211111112121011211111111111111211110111101110110110110101110110110110110110110111011011101011110101110110110010010011101010101010010001010001001
00000000000000000030003003000300300030030033003030303030033030303030330303030330330333033033033033033303330333033033333330333333333333333333333333323232333233323323323323233333232323232323233223223222323232232322232222232223222222222222222221222221222222122221221222211221221221221122121222122212212121212121212112121122112212122222221212112121121112111121121112111111111111111101111011101111010101011101011010110101010100101010101101001010010101100101010010010001010001000100100100000100001001
03003000003030000030030300003030300300303003003003030303003303030303303030030033033030330303333033033033303333033333303333333323323333233333232332333232333233232332323232323233232323232323322323223232323232233223223232232232223223223232322223222222222222222222122221222212222222122121221212212122122121122121212212121212121212121211212121211211211211111121111111121111101111111111111101111011111101111011101101101101101011011001100110101010101000101001011010010001010010000100100001000000000000101000001001
0000000000000000000000303000303003030030300303030303303030330303330333033303303333033303033333033330333333303233333333233333233333233332332333233233323233233233233233223233232332323322332233232233232232323232332232323222322222223232222222222222222222212122121221212212212121211211121211121121111212111211111212111121211111111112111111111111110111111111011101111101011101110110110110110110111010101101011010110101010101010101010101010000100100001001
0000000030000010003000000000300030030030030303003030303303030303033303303303303303333033330333303333333333333333333333333333323333332333233333323332332333233323233233232323232332332323323232232323232323223232322232223223222232222322222222222221222221222122122122122212121212122121211212112121211212112112112112111112111121111112111111111111111111110111110111110111011011110110110110111011010101101011010101010101011010010101100101011000100100101000100101
