000300000300303030333333333232333332332333233233233233233233232333232333233232332332323323332323323323233330000300003000000000000030303332323222223222322221222122222222222232322332323233233233233232333232323323323332332333330030030333333323332323232223222221122121121112111111110111011011110101101111010111010110110110101101101011111222222122212212212221212112111011001100000300003000303000300300000011010110101101101101101011010110110110110101101110110101110111011101110111112222222322222322322222323222322232232232223222232232232232232222222212121112111101010010000010001001000010010000100010010010000010010000010001000000100001
000000303033033303233233323232323233232332332333232333323232333323323332333323233333233233233332332333333323233233323332333233233233333333323332333323332323333233233303332333332332322232221221212112121011101101110111010110110111011110111011101111011111121212222222222221221221221212111101100100003000000000000000000000101111110101110111101110111011011101101111011011011111011011010111111221222222222221222222222221222212223222221221222222222212232222222212212121110110100010000000030030000000001003000000300000000300030000000000000000001001000100100101
00000000000300010030000000000000000000300000000300000300003000000030303333333333332333323333333333233333332333333333333030000010000030003033033233232232222222222232232332333323333332333333332333333323333333233333033333232333333233033333303232332222221212211111111111011111111111101111101111111111011110111110111101111111111122222322232222122121211211111010100100300000000000001101111111111101111111111111101111111111121112122122222222222122222222222222222221222222222322221222121211111001
00000000300000003000000030000030003000000000300000000000000003000000000000000000000000000000000000000300001000003003030303333333233232333232323323323323323233323323233233233233323232323323232333232332332332332333233233233323323233232332332332332332332323323323332323232323233233233233233233332323232222212211211111011011101010010110110101101101010110110110110011011011101100111010110111122122222222222221222222121211211110110100000300030000300000000000000001011011010101101101101010110110110110110110111010101110110110111112122222222222212222222223222222222122222222221222222222222212222222221222222122222212222222122222222221221212112101101101
00000000000300010030000000000000000000300000000300000300003000000030303333333333332333323333333333233333332333333333333030000010000030003033033233232232222222222232232332333323333332333333332333333323333333233333033333232333333233033333303232332222221212211111111111011111111111101111101111111111011110111110111101111111111122222322232222122121211211111010100100300000000000001101111111111101111111111111101111111111121112122122222222222122222222222222222221222222222322221222121211111001
000003003003000300000100000000003000000000000000000000030000000300000000000000000010000030003033033033032332332332333333333332233333332333233233233332333323333233333332333333000000000000000000000000000000030030030333333323323232222222122221222122222212222222222222232333333333332333333332333323333333333333033233323232323232212221221121112111110111011011111011110111111111011111111112222222222222232222222222222222222223222222222222221221212112111111010001003000000030000000010000000000000000100000000000000000010111101111111101111101101110111110111011110111111101110111111121221222222222122222222222222222222212222222221222222222222322222222222222221212121211111111100101
0000003000000000001000000000000300000000300000000000000000000000000100000000100030000300303030303303323333323323332333323332332332332333333333323332332333323333333332333000000000100030303030330333333232323232232323222222222222232332333233330333332333333333330333330333333333232332232232222212212121212212111211110111111111111111110111111110111101111101111221222222221222221222222232232222212212212121121212112111011101001010000000003030030000000300000030003000000000101101101111111111011011110111101110101111110110111011101112122222222222222222222222222222222222222212122222222222222223222222232322212112212112121110110101010001
00000000000030030330303033033333323332333233323323233233233332323233323323332332332332333233333233233233333323333322332333232333332333333333333332333333033330303033033033333232332323232232223222221212121212111211111111111111101111111110111111101101111110111011101111011111011010110111011110101111011101101110110111010110110111101111111212221222222322322222232222322223222232223222232223232232221221222122122112111111101010100100100000000000000000010000100010000001000001000100010010010001
0000000000000000000000030000000000003000000003003000000300300030003003003003003003003030303003030303033033030330330330330333303333333333303303033333332323333233332333333233233323332333232333233232333323323233333223233323333303333033332323323223223222212221212121211211111101101010110110110111101110111011111011010101110110111011110111101111011110110111110112111111111111111211121121211221122112212121221212212212222121221222222122221222222122222221222222222222222222222222222222222322222212121211211101001001000000000001
00000000000003003030333033323323332332333233332333323333332323332332333233323333333323332330300000000100000010001000100100003030330330333332322222221222322222223223222221222322223233233323333332332333323333323332333332333333233233333032333333233233233232322221212121121111101111101011011101011111011110111011101111011110111111011110111122222222222222222322222221212112121110101000000000300000100000000300100001011011111011110111110110111110111101110110111111101101111112222222322222222232223222221222322222222222222223221221212111111010101001330030000000000000100000000000010010001000001
000000030003000300030030030030003000000000000000000010000001000001000010001000003303030332323232332232323323323323323323332332333233323323333233233323332333233233333233030000003003033232323222322222322332333233333233332333233323323333332333323332333030030333323332333232323223222221211121101111101111101101111101110111101111011110111101110111011111112222223222222222121212110110100100300010000000000001011101110111101110111011101110110110111101101110110111011101101111222222223222222222222222222221222212222122122232232322323223232232232222222222121211211111101101010101001010100001
03000010000000000003000300030303030330303303333303333330333333333332333332333333323332333323333323333333332333233333003033033032323232322322323323333233233323333233333333323323333030303033332332323222212121212111112111111011111101110111101101111101111011111222222222222232122232122222121212121111210110001000300000000000000000000000001110111111101101111101110111111110111101111111111111111111111211212121212212222222222222222222222222223222222223222223222222222322232223222212121211211011010110010000000000100001000000000010000000000000000001
00300000000300300030000000000000000000030000000300000001000003000010000300000030003003030303030333003303333333333333323332323323233323332333233332333323333330330330330303330303322332232232323323333333223333333300333303332333033333333333333332323232223222222212122121212122111221111121111110111111111101110111111111112122122222222222222222222212222232222222322222222222122122121211211111111101101010101010000003000000000300000000000000000000000000000000010010111010111111111011011111101111111011111211222222212122222222222222222222222212222222222222222222222212221221211212112111110111110101001001
00000030030330333033303333323223232323323233323333333233323333333323333332333333323333330000000000000100030333323232323222222223222232232323333333323333333323333323333323333333303303303330333323333323232232222212212121121111111111111111110111111101101111111111111101111210111122222223222222222221222223222222232223222222222121211110111001011000100100010000000000000003000000000000000000010110111111101111111110111101111011111111111111112122222232222222222232222222222222322222222232222122222223223222222322222122121212111211110110101010100300003000000000000000000000000000000000000001000000000001000100000000100101001001
0000000030303030333033033232323223232332332233233232332332332323233232323323233233232332323233233333000000000001000001000103030030303033333332232223222212221222222222322222222222322323232323323323233233232323233303223232332233323323233232332333233333332333233233333233232322322122212121121211110111011101110110110110101101011011010110110110101011011010101101011101112222322322222232122122121211211121101001000100000000000010000000000010010110101101101011010111010101110101101011011010110101110101101101111222222321223222223222222322223222222222322322232222232223223223223222212222121211212121011110101010010000003001000000010000000001000010000000000000010001000100000000000100001001
0000000000000300000000003003000030000000000003000000000000130000000000100030030000000000000303303033233323323232323323232332332332332323323323233323332323232333323233233323233332232333323303303330333232322321222223233323232333332323233323332323323332333333233233233232332323333223323222222121212111101011010101110100111011100110111010111011011011011011011011101111222222222212122210010101101001000000100010000010010111101010111010110110110110110101101101011110101101101101011011011011122122212122222221222222221222222232212222222221222222222122222122221222222222222321212211211101001
000000000303030330303303233333332332332323233333232333233233233332323233333323323233233323233332333333323323232323323332333223333233233332323332332333323323323333333033232323233233333332232322222222221212121211211111010100101010101111110110101110110110111011101011011011011111100111111122222222121221221221211211010100100000000300300030000001101101110110110110111101011101101110110111011111011110110111122222232222222222222322222222222232222232222222222223222322222222232222222222222222222222222212222122122211211211211010100000300001303000000000000000000000000000000000010000100000000100000010000000001000001000000000000000010001001
00000000000003003030333033323323332332333233332333323333332323332332333233323333333323332330300000000100000010001000100100003030330330333332322222221222322222223223222221222322223233233323333332332333323333323332333332333333233233333032333333233233233232322221212121121111101111101011011101011111011110111011101111011110111111011110111122222222222222222322222221212112121110101000000000300000100000000300100001011011111011110111110110111110111101110110111111101101111112222222322222222232223222221222322222222222222223221221212111111010101001330030000000000000100000000000010010001000001
00000000000000000000000000000000000000000030000000000003003030303033332322323232323323232332332332323233233232323323323323323323233233233232332332332332330300100000000000000010000000000000000000003030323232322232222222222322222222222232222222322222222223223332332332332332332333232332332323323323323323323323323323233323332333233332323322222221212111101101110111010111011010111011011010111001110111010101101101101011101101111222222122222222212222212212112111010100000030000030000000003000010000110110110110101101110101101101110101011101011011010110110110101101011011010110112222222222221222222222222122222222232222223222222232232232322223232121211210110101010100100010010001
000000030300000030003000003000100001301000000010101000003030303303303330330333332333323333333333323333333332333333332332333333333300300303033033032332323223222322323333333333333333333333333333333333333333333333333232232222121212112121121111111010111011111111111111111111111111111111112122222222322222222222212221221212112111101010001001300030003000000000000000001101121111101111110111111101111111110111111111011111211212222222223221222221222222222122222222222122121121121101110101
