00003000000000000000030003000000003000300003030303030330333333233332323323323233233223332322332323232323232233233233322323232323323233232232332323232323323232323323232323233323233232332332333232332333233333333033030303300303000003000003000003000000001000000010300000100000000100000010001000010010001000100100101010010103030333332332323222322323222322322223223223222232232222222232222212223222222222222232212222222222122212222122122212212212121212121121211121112111101111011101101101011010110101101011010110101011010101101010101010110101101010101101010101101010110101101010101101010110010110101101010111011101111212212221222223221221223222222212223222222122112111110101
000000030030300300303030303033033030303330333033233323333323332323332332332323332332332332323232323333233233233323323323323323323323233232332323232332323232323232323303300030003000030000300030003000000003003000003000030030303330333233323322323223222222122222212221222212222222212221221221221221221221222222222222222223223232232232322322222122121121121121111010101001001100010010100101001010100100101010100101010101010101011011101010010101101010110111011011101101110110101011010101110111011010111101011011101011111112121222122222222232232232323232322332332332232222221221212121211121111101001010010101010101010010010000100101001000000101
00030000030030303030303303303330333333330332333333333323323333233323333233332333332333332332333233323233323332333233233332323332333233332333232333323323333330300030001001000030000010300003000000300000000000000000000000000000300303033033323323232221222222222222122222222222122222222222222212222222222222222122222222221212121121121121111111010110101101011011111011011010110101110111011101111101101011101110111101111011011110111011111011101110111111111111111121121212222222222322323232332332323323222212211212111110101101010110110100101000101000001001
0000003000000300003000300030000030030300303030303303033333333333332333233323332332333233233233232332332323323233233232323323233232332323323323232332323323323323323323323323233233232323323323323232332332333303003000000000001000100000100000010000000003000030000100000000033332322322232232221222222221222222232222223223222222223222222222212222222121212112111110110101101101010110101101010110110101101101101101101101101010111010101101101010110101101010110101101011010111010110110110110101110110111011111110111111121121212212222122221222122212221222222223222322322322322323222212121101010101010100100100100001
0000003000300300030030303030303030330330333033303333333333333332333303233333333333333333333323333323332333332332333233233323323323323233323323323232332332333000010000003000030300030030303303333232322222221121122122212223222322223223232232322332323223222212121111110101011010101011011010110101101011010101101101101101011011011011101101110110111101111011111101111111111111111111111111111111111111112111211221212122121222222232232232232332323222122111110110110100101010010101
00000000000003000003003003000303003030330303330333033333033330333333333332333233333233323323332333323233332323323333233233233232323323232323232332323232323233232332332323232323323232332323232323233030000000000000010000300001000000000000100300001000000100010010000030330333233323323233232222222222212222222222222222222222222223222222222232222222222222222222212122212121111212101011010110101101001010001010100101010101010101011011010101010101010101011010110101101011010110101101101101110110111011101110111101101111101111111111121111211211211212222212222222122222232223222232232222322323223223232323232222122121121112101101010010010100100100100100010001000100010001
000030000300003030030030303030330303303303303303033303333303333333333233333333323333323323323332332332332323323332323323332332323332332332323323332323323232332323330000000000000000000030000030030000030000000000000003030303323332332323222221222221212222122222222212221222222221222322122222223222232232222322323232323323232322122121212121111010101010100100101010101010101010101101010110110101101101101011011101101101011011011011011011011011011011011101110111111111011111111111111112112112121211211212121221223212222222223222322323232323323323233233233333303332323232222221211211111011111101110101101101101101010101010101010101000001000001
0000303030303030330333333033333332333332333323332333233303000003000001000100303033323222222222222222122221223222223221222121221211121110110101001001000003030330001101111011111111111111112112121221223222322323223323232332323221212101101101010101101010001000100101
00003000000030003003003030303003030030303033033333033333333233233233233232323323232332323232323322323232323232323232332232323323232323232323232323232332323323232323323323232332333233333333333030303000300000000000003000000030000000000000000030000100030000000000000000000300000100000300030030330332333232332232222122222222222222221222222322221222212222222122223222212222222222222222221222222212221222212221212221212121211211111111211011110110110110110110110101011010110101010101011010110101101100101011001010101010110101010101010101010101011101011010101101101101111111121212122121212212212222222222222222232223222222322212221211101010100100000100100000010000001001
000000000000000300300000300300303003030303030030303033033033033303333303333333333332333323333233333323323323332332332332323323333030303003030030303030030303003030303303003033030330303030303030030300300300300000000030330333323232232323221222122122212221221221212212212121221212121212121212121212122121212121212122121212122122122232232323322323323232232323322332322323232232232322322322323232232223232223222322232322232223222122212121112111111110111011010111011010110101101011010101100101010101010101010100101001010010001000100010000000030000000000000101011011010110110111011101110111101111111111111112111121121221221212121221222122222222223222222322232232322322323323333233223222122221221212121111111101101001010010101010010010010010001000010001
00000300003003003030333033033033333330333332333333332333332332333323323323332332332332323332332232332323232332323323232323232232323232323232323232323232323232323232323333000003000030030003030030303030303003303000000000000100010010010101011111111011110110101011010101011010101003030303332332323322322333333323333333333332332323222322323223222232232222322222232222212221222121121212121212121212221222222232232323232323233232332232222212121121101110110110101101101101101101101010101101010110101001101010101010100101010101010101010101101010101010101101011010101101101101011011011101110111101111101111111111111121211212122222222222222322232232232232323233232322221212111110110101010101001010010010001001000010000001
00003003030030303303030333033033303330333033303333333333333332333333332333333323332333323333233323332333233332323333233233323332333332232333333300303000303000300300300300030300010003003030303323333232232222121222122221212212221221221222212122122222232223222222122212212121221212112112112111211101101010000000030000030030030300001011011011101101110111101111011101011011110111011110111011110111111101111112111111111112111112111211211212112121222223232323233233233332332323221211121111101111011010110110101010101010101001
0000000000000300000003000030000300300300300303030300303030030303300303303330303303303303330333333333033323333333333233332332333323323323333232332332332323323232323233232323323233333330303033033033303303333333333232323232222121212121211211121111211211121222222323223223222322322222222322222322222212222212212222212212122122122121121121121111121101110110101010101010101001010100010001000000001000000030000000000030030030303030300300300010001010101011001101011010101101101101101111101110111110111111121111111121121121212121212121212122212122122122221221222212222222222222222232232223232323232322322222121211211111101101110110101010010000000010000001
000000300300303030033030330303303303330333303330333303333333033333333333333333323333332333323333323323332332333232333233233323233232332323232323323232333030303003003003003003000300000000000100000100100003030333332323223222232322222222322222122222212122121221222122121212212222232332322323232323223232323222223222222121212211212121121121111111110111011101010100100100100030000000300003030000001001010110101101011010101101101011011101011011011101110111011111011111111111111111111111121112111112111211112112121221212222223223223232323232323232332332333233232333332333333333333323232221221212112111111111011101110111101110111010110101110101101010100101010101010010010001
0000300030303033033033033033333333323233323332333233232333233233323232332323323323332323323232332333233233232333232333232323323332332332332323323233300300030000000030030030030000300030003030303000000300303030330333333333332232322221221221212121211212212121221212121222222212222322222222232222223232323223223232323223232222212121212121121111101101010110101001010101001100110101010101011011011011011011101010110110111011011011011010110101101101011011011011011011010101110101110110111101111112122322332323232323223232323233233233233232333222322222221212121121111101010101101101101010110101010101101010010101010101000100100010010001
000003000030300300303030303003033303330333333333323333333333333233303233332333323333233233333233233323323323323332333233232323323333233232332333303300303030030303000330003000300000300000300003000003000030300300030003000001300030333303232232221222222212222212212221222122122212221222222122222212212212212122122121222122122122232232323232323232232232232222212212112112121010110101101010010100101010101010010000300300001011101010111011011011101011011101110110111011101110111101111101111101111111111111111111111111111212121212121212122122122322232323232332323323233233323332333323221211211111101110101101101101010101010101010010101
00000300003003003030333033033033333330333332333333332333332332333323323323332332332332323332332232332323232332323323232323232232323232323232323232323232323232323232323333000003000030030003030030303030303003303000000000000100010010010101011111111011110110101011010101011010101003030303332332323322322333333323333333333332332323222322323223222232232222322222232222212221222121121212121212121212221222222232232323232323233232332232222212121121101110110110101101101101101101101010101101010110101001101010101010100101010101010101010101101010101010101101011010101101101101011011011101110111101111101111111111111121211212122222222222222322232232232232323233232322221212111110110101010101001010010010001001000010000001
0000000303000300303030330303033033033303333333333333233233233333233233233323323333323332323333233332333333232332332332332323233323233323323332332333233303000030003000000030000000000003000100001000000000000100001000000100003003030330332323323222222222222222232222223222222232222222222222212222222212222122222122122212222232323232323232323322323223223223223222223222122122121212121121112111111101111101101101010110101001001010010000000003030300300030000010101101011101011011011011101101101101111011011011101110111011011011110110111011011110111011110111111111112111212121222122222232232232323222223323233233232322321212112112101110101001010101101011010100000100001001
000000300300300300303030303033033030330330303303330330333030333330330330333333033333333333330332333333333332333332333332333332333323332323323323233232333303003000303003003000030000030030000100001300103033033033033323232323222212222122222221221222212212222212212212212212212212221222322323223223223223222322322223222222322122221222122212121211212121121121111112111110110101001000000100010000100000003030000300000300003000300030000001010110101101101011101101111101111111101111111111101111111211111121111121211111211121121121112112111212121121121221212212222222232232232232232323223232332323233233332332322322322121121111011110111011011011010101001010101001010100100100010000001
00000030003000300300303303033033033033303303330333330333333333333333333333333333233333332333332333323333233323323332332333233233233233233333330303030300300030030003003003000000300000010011010100003030333233233223223232223222221222222222122122122122122122122212122121221222232332323232323232322332232322322322323222322222122212212122121212121121211112111111121111111011111011101101010101010101010010030010030000300300300030030303030300303030303000110110110110110111011011011101110111011111011111111101111111111111111111111112111112111121112112112121212122122223223232333323323232222222121121110101101011010101101010100001
