0000030303033033033032323232232323233232323232333233233232323323323233233322332333233232332233333030000000000010001000000010001000010000001001000010000010010000010000001000101111101111111111111211111112111111211211112112101110100000030303330303330333330333330333333333333333333332333333333333333233333233332333333233333233333323333333233333323333333233333333333333303330300303033032323232222212122112121211121112111111111111101111110111111101111101111111101111011111110111111111121223222222232223222222232232232222232222322232222232222322222223221222222222221221212112111121101110111101010110110110110101011010111010101101101011011101010101111011011110110101
0000000303033332333232333233323333233323323333233323333333333333030000000000000000000000001000110111111101111101111101111111111111111111011010101010100000030303303303333233233333333233333333333332333333333333333333323332323332333333333333333333333033323333333333333333333333333333330333330333332323232232221222121212111211111111112111111011111101111111110111111121111111111111011111111112221221222222221222322222212222222222232222221212121121111110111011011110111111111011111011111011011011011011011011101011
030003033033303233332330333233333333332333333333323330333333333303333303030303030300000030030000000000011101110111111111111011111111111111111110111111111111111110101000300303303333333323333333333233333333333332333333332333333333333333333032333232333333323333333333333333333333233332333333333333303303233233223222122121121111111011111101111111110111111111111111111111101111111122222222222222212221222212212122122121212121211121111112111111111011111111110111110111121111101111111111111101011001
03003030303033033323333323333323333333333332333323333323323333333333332333030330333333223223333333333333333333333333303333333333333333333030333333333233232223221221211212112101101111011111111111111111111111111111111111111111121111212223212222222322122222222122222222122222222122222222122121121110110110010001010101010010100101001010100101100100101010101010101010101010110101001101010101101001101011101101000101
0030030303033033333233323333333333303333333333033330333333330333033333333033333333330333303333333303333333330333333333333330333333333333333333332323232232222121211211111101001111111111111111111111111121111211111111111111211111112111111211111121122322322222122222222223222222222212222212221222222222222122212212112111211112111111111110111111111112111111111111011010000303030333333333333333333333333333333333030300003000300000003003000010003000000010000010010101110111111111010112111121111111011111111111001001
0000030030333333333333233333333333323333333333333333233332333333330333033323323323332332333333333333333333333333333333333333333333333330303333233233232322222212121212121101101110111101111111111111111111111111111111111111111111111212212222222222222222222122232222222222223222222222212222221212121211111110111101111011011111110111111110111101111111111011101101001030030303303333332333323333233333323332333233333333333233333030000000300001000000000000000000000000000000001001101110111111111011101111111111110111111111111011111111110101
00000030003303033033232333233323332333333333333323333333323333333000000000030000000000303003003000300300001010111011011111111111111111211111111111112111211101001010000010030003030330303303233232333333333033233333333333333333333333333332333333333333333332333333333333333303333330333333333333333333333303333332323232222222121212121111111111111111111111111211111101111111211111110111121112112121212212122212222122122221222122222222222222232323223223212221212121212111211011011010111111011111110110111111111110111111011121111211110110101001
0000000030303030330333323333233232332323323332323332333233233232332332332333233333330000003001000000000000000010000001000010000001010010111011011111101111111101111011101111111111001000000000303303033333332332333333323333323333332332332333333323223323233333233233323333332333332333332333323333333323333333333333333333333332332323323232323222212212121112111211110101100111101110111111110111111111011110111111101111011110111111222222222222223222223222222222222222322212222222122212121211211211111111101101101111010111011010110110110110110111101111111110111101110101
00030030333333233332323333233323323332333233233332323333233323323333332333030300303003000300000300000000300000030010000030000000003000000000000003000000000001000000010000100101110111111111110112111111111011121110111112111212121111011101010101300000030303333333333330333333332333033333233333333333333333333333333332333333333333303333333333333333333333330333333333333333333323322322232221221212112110111011111101111112111111111111111111112111111112221222222122222222222222222222221222222222222222122222222221222221222221222222212222221221222212122121221121212111111111111111011110111011101101110110110111011101101111011011011101111001001
000300300030333333323323333323323333233233323332333233323233332333233233233323323333232332332332332332332332333233232332323323332323323323323232332323323232332332323322332332323232323323232323232323222121211011010101011011011101011010110110110101011010110110110110110110110101101101101101101111212222221222222222212222222222222222222222222221222122212212122112121121111111111111111111111111111211111111101101010000030000030303333332333233333333323333333333333333030300300000000000000000003000000000000000300000300030000100010101110110110111011101011101101110111011101110111101111101110111101111010101
000030303303333303333333333033330333333333333333333333033332333333333333333333333333333323333333333333333323333333333033033333323323333333333233232322221221221121101110111101111110111111111111101111111101111111111111111110111111111111111111112223232323232323223232222232222212212212221212212212212212122212222222323222222121211110101011010101011010110110111011011111111011011010100030030333332333233323332332332332333233033003003003003030030030300300300000030001001010101011010111011011110111111111111111111121111111121111011001
00000030333033303333323333332333233233323233232333330030300300003030000000003000000001000101101010110111111101111110110111101001000030330303333333333333323232323333333233333332333233333333233333333333333233333333333333303333333330333333333033033333033330333333233232322212121211211111111111111121121111111111111121111112111101111111011111111111111111111221223222222221222232222122222221212212122122122121221221212121121111111101011001010101110101111011111211111111101001
0000000030303030303333330333233333323323323333332333332333323333333333033233333333330303000003003000000000000000000003000300030000001101111111111111111211111011111111211111111111111111212111111211110101101010010000000030303030303030323332333333333333333330333333333333333333333333333333330333303333333333333333333033333333330330330303033333333333333330333233323322222322222212212122121211121111111111211111111111112111112121122122222222121222221222222222222112222222222212221122212222211222121212121121112111112101111101111111210111110111111111111111101111010111110101111111111111100101
00003003030333030333332323332323333333233333233333333323333233333333333323333333333332333333333323333333233332333333332333233333333333303303330330333323233232323221212211212112112111111111111111111111110111110111111011111111122222232222322222222222222221222222221222222122122212121212212121212111211211121111111111011111011111011111111001111111101111111101101010110030030303033030333333333333233233323332333233333233323333233333303303033030000303000000300000000000000000000000100010001001010101110111111111011111111111111111101111111101111101111111110110110101
000030003033033333333323233323332333233323323323332332333332323323332332333323233233323233323332333233233233323333232332332333233333233233233333233233333333333333333333323232322221221221212111110111111110111011011111011101101111101101111011011011101110111112221222221222122212222222222222212221222221222222221212222211111212111110110101101101010101011010101010101101011001101010110110111101010001000000300303033333303232323232322323232323232332323232323232332233322332323333030000000003000300000000030000000300010100101010101010110101010101101011100110101011110110111101110111110101110111111010110101
00300030303033332323232323323233232323323232332323323323323323323323323323332332333232333300000300000000000300000300000300000101101121111111121121111112111111111001000003030030330330333333333303330333333333033333333333333333303333333303333033333333330333333333333333033303033303333232323223222212212211212111111011011111111111111121111112111111211111111111121121221221212212122122212222122222212222222222222222221221212121211110110101011011011101101101101110110110110101101101101010110101101010110101101110110101
0000000030303333333333233233323332333323333323332333333323333333233000000001000000100010000000000010000001000000010000100001010011111111111112111111211111111121111110101000030030003303303333333333330333333003303333333333323332333333323333333233333303332333333233333333333333332333033233330333333333033033033303033333303233233232322221222222112211211111111111111111211111111111110111111111111111111111101111111111111110111122222223222223221222322222223222223222222223222232222232222222232222232222221221121211211011001101011110110111111101011011111011111110111111101111111101101001
030030300303333333333333033303303330330333033333033033303333333033330303333333333330333333333033333333033303333333333303330333333333333333333333333333332222121112111111111121112111111111211111211111111112111112111111111211111121122212121212222222222222222222222222222322222222232222232222232222222222222222322232223222121212111211121110111011111111101111111111111111111011121111111111212111111110100000030303033333333333333303333333303323333303333233333333333333300000000000003000001000000010000000010000001000000100000000000000000000111112111212111121111211211121111111211111111111111111110001
0003303033033323333233332333233332333233333233233323333323323332332332332333300000010000000000000000000030000030000030000030000011011011101110111011011101110111011101110111011011110110111110111101101010103030303333323333233323323333233332332333233323323233332333233323323333233300000000000000000000000030003000303303333232322221212122221222222222222222222222232323333233332333332333233333233333233323333332332333233332333323333332333232232212111111111101111011110111011110111110111110110111101111101111011111011111222222212222212212222222212222222322222232222223222222323222222121121121110101011011010101101101110110111011011011111011101110111101111011101111111111010101
00300030303033332323232323323233232323323232332323323323323323323323323323332332333232333300000300000000000300000300000300000101101121111111121121111112111111111001000003030030330330333333333303330333333333033333333333333333303333333303333033333333330333333333333333033303033303333232323223222212212211212111111011011111111111111121111112111111211111111111121121221221212212122122212222122222212222222222222222221221212121211110110101011011011101101101101110110110110101101101101010110101101010110101101110110101
