00000000000000000000000000000000000003003000030030030300300003030003030000000300300003003003030303033333323323323323322323323232323223223232322232232232223222322322322322323222232322322322323223232323223333033030030300303030330300303300303030330303303033303033330333033233332333232323232232323232232232232232222232232223222222223222222222222212222221222212212221221212122112121111110110110110110101101011011010110110101011010101101011010101011011001101011111212112121121212111211212112112112111121121211211111211111211111111111111011010100001010100101001
0003003030303033003030303030330333330330330333303333333233323233233233233330303030303030330303303333030333303333333303330330323333333333303233323333233233332323323323232323232233223322322322322232232223222222222222212222212222122122212212121221221212212121212121211212112121211211112121112121111111121110110110111101101110110101101010101010101101001101011121121212121121121121111111111011101011011011010111010100010101011010000010010000001000010000000001
000000300303030030030303030303030303330330330330333033333333333333333332333232332323232232322232322233330300300030003030300303030303033033030330323333033333332333333332333333232333233233233223232323223232232232232232223222223222222212221221222122121221222121212121211212121121121112112112111121111111011110111011101101110110111001010011010101010010010112122122122122121221212112112111111111111101111111011101101101011010101010100101010100100100100100100001
00000000000303003003003030000000103003033033033033333333330323333333233333233232332332323233232323232332332323322333303030303303030330303030303033030333030303303303033333333333333333332332332332332323232322232232232232223222232222222222222222222122222122122122212122121212121212112121121211121111011110111011011011110110101011011010110011010101010101001010101011111221212121212121212211212121211212121212111121112112111111111101011101101010100101001100101010001001000000100001
0000300000030300303303333333333333333333333333233333333332333333233233332332332332332332332332332332323223232323233033033330333033330333033033333333233233333232323323233232323223223223222322223222222222222221221222222122121221221212121212112121121211121211111101011010101010011001001001001001000100100100100001001001001001001010010111112111212111211211121121121121211121121121112111121112111111011110110110101110101010101001001001010010001000001001000101
000000000000000000300030003000030030300300030030030303303330333333333333332333323333323333233232332323233223222322323303030303003033030330333033033333330333333333332333323333323333323333332323233223232323232232322232223223222223222322322222222222221222212222122221221221212121212212121212112121212111121121111211111111111101111111101101101101101101010110101011010101010010001001001011122112121211211212111211211111110111011111010111011010101011010101001010100100100001
030000000001000000030010000300030003030303030303030030300303030303030030303030303030303303030330333033303332333333233233233233232332233232333030303030303030330303303303333033303033333333032332332333232332323323323323332232323223232232322232322323322222222222221222223222122221222122221222122122221221212212222121212121211212112121121121111111211211111211111110111101101111010110101010101010010101011211212112212121212112121121121111111112101111101111111101110110110110101101101010001000000001
00000000030030030030300030300003030330033003033033033033033333333333303332333333333033323232322323232323232323232323232323233330303030303030330333333303333333323333233323333232332323323232332323233223232322323222322323223222222222221222121212212121121212112121211111211101111110110111011010101011011010010101010101001010101010101001011122121212212212121212212122121212121211121111111111111101110110111011010101010010010101010100101011121211101101011001
000000000000000300030030003000300303003303030330303303303033332323232232232232232222333333033323323323233232323232323223223232223223223222232223222232222222222323330303003001010000003003003003000303030303030033030303303303030333030333333333333333333232333232323232323223232232322232232222223222322223222222222222222222122222222212221222122222122221221221222121221221212122112211212111211211121111111110110110101010101011010101100101010010101001000100010010000101000100000010000000112121221221212212121212121112121111121111211111111101110111010010101010101010101000100100010101000010010001001000100010000001
0000000000300030030030030300000000010300000000000030003000030030030303030330330333303333333332323323323232332232323232322323223232232322323232233232232232322322233333330303033033030330330330330333033303330333303333333332333233333332333223232322323222323222322222223222221222221222122121221221212121122112121211211211111111111111111111011101101101101011010101010011001010101010111111211212112121121211211121211212112112111121111112111111111101110110101101101010100010101001
00000030030303033030330030300300300300330333033333333332333232332333232323233030303030303303303033030330330303330333033330333033333033333333323333332332332333233232332323233232322323232323232232323232232322223223222223222222222222212222122221222122122122122121212212121212121121211211211121111112111111111101111110111011011110111011011010110101101010101010101010111112121111112110111111011111010110110101110101101010010101010010001010010001010001
0000000000000000003030030030303303303303333033332333332332332332233233233232332323323232332323232332323323232323323233232323233033030330333033033033303333330333333333332333333323323333233233232323232323232232322232222222322221222221221212112211221121121121121121121121112111111111110110110111010010101001010101010100100100101010100101011112121121212112121121211212112112121121112112112111121111101110110110010101001010010010100100010010000101000101001101
003000000000003000030003003000030030030303003300330003303030330303330303333333332323333232333332323323232323323232333333030030330303030330303033030330330303333033033333333333323333323323323323323232323232322323223232223322232322322222232222222222222122222122222221222122222122122221212212212221122211221121212211221121211211211211121111111211110111111011111010101101010101100101010101010111112121211211211211111111110111111011011101011011101011010101010101010010010100100100001000010001
0000030000003003003003030303303303030330303033033330330333333333333332332332333332332332323233232332323223232323233030303030300303030330303303303333033333333333332332332332323232332323232323223232323223232232223223223222232222321222222222212212212212121211121211111212121111111111111101111110110110110110110110111101101101101111212112121112121211121111111111111111111011111011101010111010111010011010101010100101010010101000000001
0000000030030030033030333033333332333233323232323232322323232322323322323232233223232232323232322323333333303033030303030303030303033030303033030303033033030303330303033033030330333033032333330303333332333233232322223222232322223222222322222232222212212222222122222212121221222122212122121221221122112212112211211121122111121111121111101111011111011110101101101011010101010101010101011001101011212121212121211121121112121211011110101011101110101101100011001010100101000000000100100000100010001000000000010001
000000300003003003000030033003003030030000003330033303333333332333303333323223232322323232332322332232323323233333303030303030303030303033303303030330303330330333303330323333333233233323323333323232323332323232232232232232232232322222222222221212221222221222122122221221221222122121212121211221112112112121112111111110110111011110110111010101010010110001010010010010101001000101011111221221222122122122122121212121212121121121112112111010110111011010110110101011001010001010101010001001010001000001
000000000000030303030300303030303030300300000101010003000303300333333332323223323233323323232332332232232333232323233332232323223233223323323232333030303030030303003030303030330330333303303332333033232332332333233232323323232332332323222322332323232232323222232222222222222122212222122121211212121111111211011110111101110101110110110101010110101110101011011011011101121122122112212212122121212121212112121121221221211212112121211211121111111011101011101101101011011001010100010010100100010000010010000000000001
000000000000303030030303003003033303330330330333033330323332332332323232323232332333232323233322323323232232232332332232222223232323303030330303030303033030303033030330330330333033033333332332333232323323323323233232232223232232232232232322212222232222222222122212122112112121212111121111111210111111011101101111011011101011011011001101010101010101101010110112112121121112111211211211111211121111110111110111101101101101101010110100101010010010010010010100001001
0000000003000003000300030030003030030303030330330303333333323332333233323323323232323232323232232322322232322322232322322323222323223223333030000303003030030300300303030303030303030303033303303303333333333233333232332332323323232323223232323232232232232232222322232122222232122212222122121221212121212121221211211211121112121111111111011111011110110111101101101011011010101011112122121212121212211211211211111211111111101011101110101011010101101010010101001010010010010010100010010010110100100001
00000000300000030030000300300300303000303030303030303030303033303303330303323333233233233232333232323332333233233030303000300303030303303030333033033303303033303333033333333333323333323333323232332332323232323223223232322232232322223222222222222222122222222122122122122122121212121212121211212121121121211211121111211111211111111110111101011011101010110011010111121212121211212121211211112111112111111111111110111111011011101010101010101010100010001001010001
