000003030303333333333323333323332323323332323232332323233232332333333323333332333333333233333323333333233333323333333333333333333330333303330333030303303030303030333323232221212121121212121211212112112111211121111112111111111111111101111111110111101111111011111111011111111223223223223222322222222122222221222122212221221212122121121211121111111111011101110110110101101101010101001001000100000010001000000010000003000003003003030303000011011011011001
0000303030333333333333333333333333233330333333333333333333333333333333333333333333333303330332333333333333333333333323333033333303333333332323223232221221212111111101110111111111121011111111111211111111111111111111111111111111111112222322232222222322222222232222212222212122212221212121221221221212121212121121211211121101111111110101101101110110101010110010001001010010000010000000000003003003000030003003003003003030001111112111011011
00000000030003003000300030030303003033030330330333330333323330333233303333333333303303333233233333333333333333033333303333333333333333333333333333333033333333333303333303323222212121212211111211111111111111111111211111111111111111111121111111111111121222222232232322322223222222212222122122122122121221212121121212121212122121211112111111111111110101010110111101110110010101011010101010101000101001000001
000030300030003000303030303003003003303333033333333330333233333332332333233332333333333333333333333333333333333332333333333233333333333333333333233333333333332332323222221212111111101111101111111111111011111110111111111111110111111111111121111111111122232322322222322222222222122221222122121222122121212212121121211212112111111111101110111101110101011011010110010101010100100100001000100001000001
000000000000000000003030003000303030303030303030303033333233232333333323332333332333233333333333033333333333330333333303333333033333333033333333333033333303333333333303333330330333322322222221212121121111011111111210111121111111111121111211111111111211111111112111211111111121111111212222232222322223222222222222122222121221221212121211212121211211111121110111110101110110110110101101010011010010010010010001
000003000000000030000300300030030003000003030030003003003033303332333333323333323333333233332333333333333323333333333333333333333333333323332333333333233233333333333333303033333233323233232322222212121211211111011111011111111110111111011111110111110111111111110111112112223232322222322232222222322222212222222222212222122212212212212121221212211212112211211212111211121111111111111110101101101010101001010101010010100101010010100010100100100110101001
00000000003000030000030003000300030003030000300300303030303030333033030323233323333233233333323323333233333233333323333233332330333323333333333333332333032333303333323332333333333333333333333323232332222221212121121111111111011111111111111111110111011111111111111111101111111111122322332322322222222221221222122222212222122212122121212121212212112121211112111121111211111101111101101101101011010101011010110101010101001001000001
000003000003000030003030030001000303030030303333333333233233323332323332333233233332332333333233323333333323333333233233333333332333333333233333323333333332333233333333333333333233232232221221211121211111010111111110111110111111011110111111111110111101111111111011101111111111112232232323223223232222322232222222222222212221221221212121211211211211111111211011111101101101101101101101010011010101010100101010010010100010101000100001
0000000000000003003003000300303003303030030030030030330330333323323232323233233233233333332333333233333332333332333333333233333333333333333333033333333330333033303330330303030030300030030003303333323232323222222221221221212121212121211211211212111121121111211111111211111111112111111111101111110111111122112222222222221222122122222122211221221222121212122112112112112112121111111111111110110111011100100100101010101000010010000010010001
000000000003000300030030030330303033303303003000303030303333333232332323233323323323332332323333232333233323323233323323332332332333233323323323332333323233323323323333233323323333323333333333333323323222222122121121111111111011111011101111011101110111101101101101110110111011011101101101110110111011011011101110111222232223223222223222222222212222212122212122121212212112111121111111111011011101101101010101010101001010101000101000101000010001
0000000000000000003000303003003003030303030303033030303303030303333332323323323233332333233332333233332333233332333323333333233333333233333333233333032333333333333323333333333332333033323322323232221221121111111011110110111111111011121101111111110111111111101111111101111110111110111011110111101111122223322223222322223222222222222222212221221221221212121212121121121121111111101111101101101101011010101010101001010000000101
00003000000003003003003030303333033033030030333333332333232332333233332332332332333233332333332332333233233233233323332333332333233323333233332333333233323333333332333303333033303233232323222122121121111110111111111011111110111101111101111111010111011101111011101101101110111101101111011101111011111112232322322232222232222232222122122221212212121212112111111210111011101111011011010110101010101010100101001000100001
0000303003003000300303003030030030330030300303303033030303303030303303003303033033333303033333333333333033333333332333333232333333333333333333233333333333333033333333333233333333232222321222222121222112122112122111211110111111111111001111111121212223233232322322222222222222222222222221221212222222122212221221221121222122122121221121221121211211221112112121121211211111121111111111111101111111011100111010101001011001010101001010010001001100010010000001000000100001101000100100010001
000030003030303003030330303303303033033033333033033333033333333233333333333303333333333333333233333333333332333333333333333233333333333333333333333030300303332323232222121121121111121111111111111111111011111111101111111111111111110111111111112111112223232322323232232222322223222222212212212121212121121211121121111111111011111101101110110110101010110011011211110110101011010101001001
0000300003000300300303030303030030330030303303033333333333333233032332332233223232323332333232323333323332332333333233332333323233333333323233323333333323332333332333333323333323333233232232223222222221221221121211211101010101010101100110111011101111011101101110111011111101101111011110111101111101111112222223222212222222122212212212212211212121212112112121111111111111110110110110101011010101010101100010100010000100100010000001
00000000303030300330330003003030303333323330333333333233333332323333333333233323333333333333333333333333333333032333323233323333233333333333333333333333303330332332322322222212121112101111111110111011112110111111110111011110111111111111111111111111111111122223222222222232222221221212122121212121211212111211211111111211110110110110110101010110101010101101010110101001010010010001
00000000003000030003000003000300300300300303030030300303303333333333333333333333233333233333233233233233333332333333333333333333333333333233333333333323333333323232323332330330303333333232221221212211121011011011101101121111101121111111111111011111111111111111101111211222322223222322222222221222122221222121221212121212121212111211212111121112112111122121211211121011211111110110101110110101010101010100010000100010000001
00000000030000030030003000003003030303333033033332330333033333033330333333333332323233232330333333333233333333333332333333333323333333303323333333333303333333333333333333032332323222212112111111210111111111111111110112110111112111111101111111111111011111111111110111122122212222322222222212222222212212212212112122112121211212111112110111121110111111101110101011011010101001010001001001
00000000000000003000000300303030303003033233232322212212112122122222222222222222322222322232232232232323233232232323232323323323233232332333233233333333033303030300000300000000100000000100100001000100010100101001011101110110110110111011011110111010010003303030330333333323323323323233323233232332323333233233332333333323333333233333332333332333233333323333332332333323333332333332333033333323232221221121111111111111101111101111101111101111101111011111101110111111101111011111111112232223223222232223222232222222222222222212212212212121212121212111121111111110110111011011011011101011010101101010101010101010100101010100100100001001000001
00000000000000000030003000300300303303030300300303303033033333333330333333333303233330333303333333333303333303333033303333033303330333033303330333330333330333333333333303333030330303333323232322212221221212111111111111111111111111111211111211112111211121112111211111211211121111121111121111112122323323223223232232232223223222222222222222122122122121212122112121121121121121112111111112111111101111110110110110101010101010101001010001
