030003003003030333032323232222222232223222212222232122322223232232323232232223232322323232323232323323232332323233323323233323323333233333233333001011101011010101001001000100001000003000003003003003030303030303303303303030330333303323333332333323332332332323232323232223222222322212222221221212212221212121212121212121121212121121121121112111112111111111111011101111011101101110110101101101011010101101010110010100101010101001010100100101001010010010100010010010000100000001
0000000003003030303333232322322322222322232232323232323232323323233232333232332323332333332332333233333000030000000100000300000000000003001300300030030303003003030030303030033030303303330303303303303303033333333323333233323323332323323323323232322323232232322323232232322222212222222222222222221222212212212221212212121222121221212112112121212121112111121121121112111111111111211110111111111101011111101111101111011010111101101110101101101101101011001010101101101101101101010101000100101010011010001
0300030303033233232232222222222232222232232323223232323232323233232323233232332323233232333232332332332333233233332333233333233332333333333333333333303233303303333033303330333033033303033030303000000300000003000100001001000100100101101101011101111011101111111011211111212121121221221212222222222222222232322232223222321222121211111101001000100000100000000100000003000000030003003003003030300303030303333033303333333323333233332332333233233323233332323232232323232223222232222232212222222222222122212122222121212112121121112111112121112111112111121112121111111111111121111111011101101101110111111011111101101010110110110110110111010101101011010110101010101010101010100110010100100100100000010000001001
0000030030303303233323222223222223232232323232223232322323233233233232323233332333233233323233233303232333333333001000100000100000300100003000000300030003030303030300303030330303030330333303333333333333333333332332332333232332323232323223232232323232232232232223222322222222212212212212122121121212112121211121211211112111112111112111111111111111111101111110110111111111011110111011110110110110111011011011101101110101101101010101100110101001001010101001001100101001
0003003033033333232232222322323223223232232323232323232323232323232323323323323233223323323233323233233332333232333233323323333300000100000100000000010000003000000000300300030030030030303030303030303033033033033330333333232333232323233233223232323223232323232232232232322323222222322212212221222122212212212122121212121121211211212112112111121111111111121211011111011111110111101110111011011101111011011101101101101101101011011011011011010101011010101010100110100101010101001010100100101001010101
00000000030030303033333323232232232222122232232232322322322233232332323223323233232332323323233332332333232333233333323233333233233323333233233330300010010101010100100101010001000100100100000100000000000000300000000030030030000300003003030303033333233333323233333333232333232333232323332323323232323232323223232322232323222322322232232122222222221222221221212122122122121221121212121221121122121121211121112111112111111121111111111011111011110111110111101111011011101110110110110111010111101010110110101101100110101011010010101010100101001010010001010001
00030003003033030030303030303323232332322232212122121222222222222122222222222232222222222323223223232232322232232323222332323232323232332332223332332333233323323333233333300000100100001000010000100000000300000000030030000300030000000003000300003003003000030030330333030300303333033330303333033333323323233332333223323233232323232323223232232232322232322323222232222321222222212222222221122222122122222121221222122122112122121212121121121211211112121221212121121112101112111111111110111111211111011111101111110111110110101111101101011111011010101010010100101100100101011010010001001000101000001010100100100000000000100003000000000000001001
000030030303033303333333332232322322212222321222222222232232232223232323223232323232223232332323232323232332323323323232332323323333233323233233233323232332323323323233333333330333330010101011011010101011001010101010100000100003000030003003003003030330303303303330303333333333333333233323323323333322322322322322222223222223212222222222222121222222122121212121211211211121111211111121212111112111211111111110110111011010111010110110110111001101111011011010110110111010101010101101101010110110101010101010101010101010100100101010010100010010010100100001000010000001
0000003000000303030330303330333233232323222321222121122121212212222322223222322232223222322322322222323223223223232232232322322323232232232323232232323232323233223232332232233322332323233232332323323233233233333233323333323333332333333303330330303303030330303030030300300300300000000000000000001000100000010000100100010001001010011010101111121111211212112121212122112221212212212212221222222222222223223223222212212121112110100110010100000010000000000000030000300300030030030030030300303303003033003300333030330330333330303303233323323323322332323232232232323222232232222322223222322322223222322222222222222222222122122212122121221221221212121211212112121121211211121121111121111101110111011110111110111011101011101011011010110101011010101101101010011010101010101010101010101010010100101001010011001010010010010010100100100010100101000100010010010000100001000100000001
003000030030333000333233233233232323233232323232323223232223232323232323233232332323233232332332332323232332332332332323323323323233232323232323233233333333333300011010110101101011001010110010101100100110010101001000101010100001010010000100000000103001000000100030003000300303003033033033303333333323323323323323232323232323222323322323223232223223232322232223223223223222232232223223223222322322222223222222232223232323323323233222221212121111112111111121121121121121111111111111101101111011010101111010110101011010111011001110110110101110101101101010110110101101011010101010110101101010110110011001101010110101010101010101101001
00030033030330323323232323223232232323323232323232323232332323232323323323232323232332323233233232332323333232332332333233332333333330333333330330000100101010101001010010100101001000100100100100100010001000010300300300303030330333033303333303333332333333323332333233332332323233233233233232322232232232232222222222122222122122121221212122121212121211212121121211121212112111212111121112111112111111111111111101110111101101101110101101101101010110110101011010101101010101101010101101010101010110101001101010101010110101101001
000003303303333232323232232323223222322323223323232323223322323323232332323232332323323232332323323323232333233233233323323323333233323333333333333333030001010010010010100100100001001010000010000000000030030003030003033030333303333333233333332332333233223323232323223233232222223322322322222222222322122212222122112121212112112111212112112111112111211111211112111111111111110111110111011101110110111011101101101010110101110110101101010110101011010101101010101101010101011010101001010010101010010100100101
0000300303033033333333323333233232332323323232332333232323323332332323233233233332332333233333233323223333333333323333333333333333330333000010101010101100110101010101010010100101010100100001000100000100000100000030033030030303030303303333303333333333233333333232333232323323323232323222322322322322232223222232221222222222222122222122222221221122212121221221212121211211212111211121111112111211111111111111111011110110111101111101101111011101111101101010111011111010101110110101101101101011011100110111011011010101011001
0033003303030303033033333233232332222222223223223232233232232322323232323323232323223322332233232332323233233323323233323323333000100110100100100010010001000000000030003003000300303030303033030330330303033003333333303333333333323332323333233233232323232323232323232323232232323232232222222222122222212212222112121212121211212121121212111211211211111211121111121111111111111111110111110111011111101101110110111010111011001010110101101010101010101101010101010101010101010101010100100101001100010010101101
00000030300330030333303323322322323223223232232322323232322323323232233223233223322323323233322323233232332332332323233323233233233323233333233233233333233233330001001010100101010010010100100100100100100100100100010000000003000000300303003030333033303303333323333232323232323232323232323232332232323223223232322322323232232323222322322323222222223222221222121221221122121121121212112111112101111111101111111111011111011011111011011101101111010111010111010110110110110110110101101011010101101010101010101010101010101010101010101010100110100110111101101001
000300330333233233232323323232323332323232323232323232323323323233233332323232323323333232333233233332332333303000010000100030000100300030000100330003003000303000300303030030303303030303303333323333332332332333233232333232233232323232323232323222232232322322322222122222222222222222122122322121212212121122111211211211111011111111111101110111111101111111101111011110111101101111011101011101110101011010110101101110101101101110101010101010010101011011011010110101101101101001
0000003030033033323323232323232223223232322333232323233232332332323323333233233323333233233333232333333300001001001000100010010001000003003000000300030030003030000000300303030303033033303303303233033333333233333333233332333333232333323232332323332323232223232323223222222221222222122212222122212212221221212122121212121221212112121121121121211121111121121121111111111111110111101121110111101111111011111101111011101101110110110111011011011011011011010101011001001010100101010100101001
00303333033233323323323333323233332333323323323333232332333232333233323332333332333332333233333332333330333333233333333000101101010110101010010101100101100101010010010101001011010010100101001010100000100000003000030030030030030030303030303030330330333333333303333323323323232332323323323223333233232323232232232323232232323232323322222222322222222322322232212222222222221212212122122121212212121121212112111112111121112111121111011111111111111121111011111011111011111101111101011011101101111011011011101110110101110111010101110111010110111010110101
0000003030333333223232222223223232322323232232323232323232323323232332323323233232332332323323323323233323323233233233233233323323323333233332333233333233333332333333303330300101011010101010101010010100101001010010001001001000000000003003003303030330333332333323323232333232323232323232323232322323223223223222322222222221222121221212223233232332222321121121011011011011111111211121111121111111110111110111111011111101110111011011101101101101101101101101101101101101011010111010101011011010110101011010101010101010101101010100101001001001001001
00000000000000003030303033033232322222212222222223222223223223223233223323223232323323233223332323323323323323332332333233233333330001001001001000100100010000010000010300000300000300030030003000300300303003030300330330330330033303330333033303303333330333333323333333323332332323323232323233232322322322322322322232232223222222212222221222221222122212221212212121212121212112121121121121121121121212111211211121112111211111111112101111111111111101111110111110110111101101010111010110110110110110101011010110110100101010100101010010010001000101
