00030333033330333333333333333333333333333233330332333333233333333333333333333333333330333303333333333333333330333333330333333032333333033333332323222222121121111210111101111111111111111111211111111111112111111111111111111111111111111111111111111101111111111111011111111111111111121111111101
000000030030303333333333323332333323333323333332333333333332332333333333333333333323333333333333233333333333333033332333333330333033300300000000000000000000030030330303333333232323232322222212112222222212222222222222122222222322222222222222222223222222212121212121211111001010000100000010300000001000010011011110111111111111101111011111111111111011111110111111111111111111111112222232232222223222121211111110110100100101010010001010110101110101101110110110110101101111
000000303030333332333233333332333332333333333333333323333333333333332333332333332333333333233332333323333333333333333333333033303333303330303000010000001000100000100001001000003003303333233223222232222222222322232222222322223222222221222222222222222232232322221222221221211211011011010010013000030000000300000000101112111111111211121111111111111101111111011111111011111011111011111111011111011111111111111111111111112223223232333323323222222212121211111010100101010110101010101101001010101101101010101
0000030030303033033333333333333033333333330333323330333323333333330333233333333333333333333303333333323333333333333333333233333333323333330300000000000000030000000000000033033322322232222222222222122222222222223232322212122122222232222222222222232222222222222121111100100000000000010000000000000000001001011111110111111111011111111101111121110111111111111112101111111111121111111111111111011111112222323222323232232322232222122121111010100000100101001011011011110111110111112111211011111011
0000030303030333323233232323332333323333323333233333333333333330332330333333333333233330333333333333323333333333333333330333330333333333033033330030001001000000300303030333323323223222122222222212222222222222222223222212222322222222222212212111110110100010000000000000010000000010111111111112111111111111111111112111111111011111111111111111111111111121111111111111111111212222232232232222232222322322222122122111110101000001000010000100010010010001010010101011010101011011010101
0000030330303033333333333332333330333333233333033333333330333333333303333330323333333333333330333323333333303333303333333333333333333330000000000000001001000030030003033323323233232323223222222121222122222222222122222232222222222222222222222232122222223222223222222211221212111210101010101000030030000000000000000000100000000000000001112121111111111111111011111111111111121111111111011111112111211111111121111111111111211111111223233233232323233232323232323232332332323323333232232212122122112111011011010101011010101010101101101010101101010110110110101011101011101111110101010101
00003003003303333333233333333333333333303333333333333033333333333333333333033033333333333333333333333333330333333333333333033333330333033332323233223223222122112111111111111211210111111111112111111111111111111112111111111111111111111111111211111111111111111112111112111112122232223223223222322322322222121212111011010010000010010010010010100101010110101110100101
000000003000330333333333323323323223323333233233232332332323323332323323332323323233323323323323333323332323323332332332333233233323233323323323323323323323333000010000100000010000000010000010000000010000000000001000030000003030303333232332323232232212212122122221223222223222222223222222322222232222322223222223222222232322332333232323232322212222122221212222222122212222212212221212112111101010101010000003000000000000000010000010001011010110110110101101101101101110110111011010111011011101110110111011101101101101101101110110110101101101110111222323232323232232232322221212121110101010110010100100101010010010110101010101010110110101101101
0030330333333333333233333233333323333332333332333332333333233333233333323333323333333233332333333333333333333333033303333333333333333033330333332323232222222121211211111111101111112112121111110101111111111111011101111111111011110111011111101111110111111101110111101111110111111011111011110111011111111110111101
0003030300303303333233233232323332333232332333233232333332332332332332333323323332333233323332332332332332332333233233233233323332332333233232333323233323233332323323323323323332323232323232322222112111101110111101101101110101110110110111011011011011110110111101101110110110111010111101101101101101110111011101101110111011101011011101101110110111011011110111111101101010100001
000003003030303333033330333333330333033333033333333330333303333303333303333333333333330333333333333330333303333333333333330333033303330330333333333323232323232322221221212121212112111101111111111111111111111111211111112111111111111111111211111111121111111211111111111211112111111211121111211211112211211111110101101101
030303033303333333323333333333333233333333333333233333333333333333333332332333333333333333333233333033333323330333333333333303330303333033333233223222232121212121112111111111211111111111111111111101111211111011101111111111110111110111211101111111111111111111111111111211222323223232323232232232323223232223223232323222322212121211211101011001000001010010100010100101001010010101010101010100110110101101101011010001
000003030303030033030303333333333332333333333333333333333333333333033333333333333333033333330333333333303333333333033030030333333333323332333332333323323223232232222222212121212121212112121211121011110111101111110111111111111111111111112111111111111112111111111111111111111111111111211111111111121111211111111101101010100001
00303033033233332333333033333330333333033333033333033333033330333300000010000010000010000100010010001000010133332232232232222323222322223223222223222322222323232232223222222221221221221110100000000001000001111112111112111121111211111112111112111111212232332323233232122121101010101101011010110110111011101
0000303030330330333332333233333332333333323333332333233333323333333323333233323332333233333233333233332333333233332333233332333332333323333330330333333233233232332322222212121211111011011111110110111111101111101111011110111011110111011111101111011110111011111110111101111111011111101111011112222332332323233232323323323232323233232323332323323323323232223222212121211111010110101011010101101010110101011010101101010110101010101101010101101101011001101110111110101001
0003333333332333323333333333233333332333333323333333323333233333333333333332333333333333233333333333033233333333333333030003000000000000300000000000000030303000303003003030330333303323323232221212111112121212212212212222222222222222222222212222222222322232222322122212222122212122212221111010110100100003000300030000300010011101111101111111111111111111111110111111111011111111111111111110111111110111111111212223323232323323232322322322322321221211111000001010101010101010011010101010110110101111011011100110100101
00000030030330330333033330333303333333333303333333333333033033323333303332330333333333333333330333303333333333333333330333333233333030000000000010000000001010101010000303030030330333333232323223222122222222222223223222222232332332323323222222212112212122222212211221222222222222222222222222222222122212121121101011010010000000010000100003000003000000000300030000100101111111111111111111111211111111111121111111111111211111111111111111111111211111111121112222332323232323232323232322323223232222122121221101101010100101001010101011010110110101011010111011111010101001
003003303003323333333333303333333033333323330333333333333033233333033333333333333333333303333333333333333333333233330333333333303000030001000010300000000000100300103000000100001030000300303333332323232222322122122221222222232222222222222222222232223232323232221212112222223222322222222232222222222232223222322222221212112111011101001000300000000000100100300000100000100000000010001101112111111111111112111011111111111111112111111011111111111111111112111111111111211101111111111112223323323323332332332323323323232332323232332323232323222121011011011010110100101011010110110110111011101110110110101101110111111101110101
00030030330333333333333323330333333333323330332333333333330333333333333333333303333333333333333333333333333333303333333333303303030001000010000000003000000000000100103003030303333233232322212223222223222222122222222222322323322323222222122121222222222222222222222222222223222221221212121112101101010010100000103000100000000003000030000000010111011111211111111112111121101121111111111111111111111111111111111111111111111210111122233233233233233233323323233233233323222222211121101011011011101101011011011101101101101101101111011011011101101101111110101011
000303030303333323333333333323333332333333333233333323333333333332333323333333333333333332333323333323333333233333333333323333303333333333333232323232323222212121212111111110111101110111111011111101111111011111011111110111110111111111110111111111111110111111110111111011111111111111011111111111111110100101
